function XY = NewNorthCaloris(N) %#ok<INUSD> 
%lon = [115, 225, 225, 115, 115];
%lat = [48, 48, 70, 70, 48];
lon = [105, 235, 235, 105, 105];
lat = [48, 48, 70, 70, 48];
XY = [lon(:),lat(:)];
end
