function XY = NewNorthCalorisSmallerlon10lat3(N) 
%lon = [125, 215, 215, 125, 125];
lon = [115, 225, 225, 115, 115];
lat = [51, 51, 67, 67, 51];
XY = [lon(:),lat(:)];
end
